%YAML:1.0
depthShift: -1.5989870469527881e+01
