%YAML:1.0
cameraMatrix: !!opencv-matrix
   rows: 3
   cols: 3
   dt: d
   data: [ 1.0554788417699949e+03, 0., 9.5897870292098912e+02, 0.,
       1.0595561758374452e+03, 5.3773738546765264e+02, 0., 0., 1. ]
distortionCoefficients: !!opencv-matrix
   rows: 1
   cols: 5
   dt: d
   data: [ 6.1223906862401943e-02, -7.6602942053063713e-02,
       -1.8715209844149031e-03, 1.3811821403120236e-03,
       2.6068717692122011e-02 ]
rotation: !!opencv-matrix
   rows: 3
   cols: 3
   dt: d
   data: [ 1., 0., 0., 0., 1., 0., 0., 0., 1. ]
projection: !!opencv-matrix
   rows: 4
   cols: 4
   dt: d
   data: [ 1.0554788417699949e+03, 0., 9.5897870292098912e+02, 0., 0.,
       1.0595561758374452e+03, 5.3773738546765264e+02, 0., 0., 0., 1.,
       0., 0., 0., 0., 1. ]
