%YAML:1.0
rotation: !!opencv-matrix
   rows: 3
   cols: 3
   dt: d
   data: [ 9.9996193603625916e-01, -7.3673432981291040e-03,
       4.6742626524171396e-03, 7.3031191258356989e-03,
       9.9988069028370508e-01, 1.3611379386939147e-02,
       -4.7739846721708643e-03, -1.3576724586911650e-02,
       9.9989643544711215e-01 ]
translation: !!opencv-matrix
   rows: 3
   cols: 1
   dt: d
   data: [ -5.4222321483819544e-02, 7.9879063922801304e-04,
       2.5661243769496727e-02 ]
essential: !!opencv-matrix
   rows: 3
   cols: 3
   dt: d
   data: [ -1.9122053443369180e-04, -2.5669027094294215e-02,
       4.4942298834526196e-04, 2.5401410469191064e-02,
       -9.2521671755565950e-04, 5.4336653366704860e-02,
       -1.1947523071657792e-03, -5.4209967269163932e-02,
       -7.4177434620889299e-04 ]
fundamental: !!opencv-matrix
   rows: 3
   cols: 3
   dt: d
   data: [ 3.5280449879134889e-07, 4.7262850088863928e-05,
       -1.0024794568961661e-02, -4.6685602055920239e-05,
       1.6969909057030921e-06, -2.4081963767833930e-02,
       2.7092889834815115e-02, 5.9114522437521994e-02, 1. ]
