%YAML:1.0
cameraMatrix: !!opencv-matrix
   rows: 3
   cols: 3
   dt: d
   data: [ 3.5675882405146973e+02, 0., 2.5473032170381074e+02, 0.,
       3.5748992894928932e+02, 2.0394671805785472e+02, 0., 0., 1. ]
distortionCoefficients: !!opencv-matrix
   rows: 1
   cols: 5
   dt: d
   data: [ 9.2982261822517301e-02, -2.8320943680194421e-01,
       1.1084614866161419e-04, 1.0668426395899226e-03,
       1.1480073794377345e-01 ]
rotation: !!opencv-matrix
   rows: 3
   cols: 3
   dt: d
   data: [ 1., 0., 0., 0., 1., 0., 0., 0., 1. ]
projection: !!opencv-matrix
   rows: 4
   cols: 4
   dt: d
   data: [ 3.5675882405146973e+02, 0., 2.5473032170381074e+02, 0., 0.,
       3.5748992894928932e+02, 2.0394671805785472e+02, 0., 0., 0., 1.,
       0., 0., 0., 0., 1. ]
